l.p.: 1
xi:	  -7.000	  -6.667	  -6.333	  -6.000	  -5.667	  -5.333	  -5.000	  -4.667	  -4.333	  -4.000	  -3.667	  -3.333	  -3.000	  -2.667	  -2.333	  -2.000	  -1.667	  -1.333	  -1.000	  -0.667	  -0.333	   0.000	   0.333	   0.667	   1.000	   1.333	   1.667	   2.000	   2.333	   2.667	   3.000	   3.333	   3.667	   4.000	   4.333	   4.667	   5.000	   5.333	   5.667	   6.000	   6.333	   6.667	   7.000
f(xi):	-140.000	-107.407	 -78.815	 -54.000	 -32.741	 -14.815	   0.000	  11.926	  21.185	  28.000	  32.593	  35.185	  36.000	  35.259	  33.185	  30.000	  25.926	  21.185	  16.000	  10.593	   5.185	  -0.000	  -4.741	  -8.815	 -12.000	 -14.074	 -14.815	 -14.000	 -11.407	  -6.815	   0.000	   9.259	  21.185	  36.000	  53.926	  75.185	 100.000	 128.593	 161.185	 198.000	 239.259	 285.185	 336.000

l.p.: 2
xi:	  -9.000	  -8.667	  -8.333	  -8.000	  -7.667	  -7.333	  -7.000	  -6.667	  -6.333	  -6.000	  -5.667	  -5.333	  -5.000	  -4.667	  -4.333	  -4.000	  -3.667	  -3.333	  -3.000	  -2.667	  -2.333	  -2.000	  -1.667	  -1.333	  -1.000	  -0.667	  -0.333	   0.000	   0.333	   0.667	   1.000	   1.333	   1.667	   2.000	   2.333	   2.667	   3.000	   3.333	   3.667	   4.000	   4.333	   4.667	   5.000	   5.333	   5.667	   6.000	   6.333	   6.667	   7.000	   7.333	   7.667	   8.000	   8.333	   8.667	   9.000	   9.333	   9.667	  10.000
f(xi):	-560.000	-494.074	-433.481	-378.000	-327.407	-281.481	-240.000	-202.741	-169.481	-140.000	-114.074	 -91.481	 -72.000	 -55.407	 -41.481	 -30.000	 -20.741	 -13.481	  -8.000	  -4.074	  -1.481	   0.000	   0.593	   0.519	  -0.000	  -0.741	  -1.481	  -2.000	  -2.074	  -1.481	   0.000	   2.593	   6.519	  12.000	  19.259	  28.519	  40.000	  53.926	  70.519	  90.000	 112.593	 138.519	 168.000	 201.259	 238.519	 280.000	 325.926	 376.519	 432.000	 492.593	 558.519	 630.000	 707.259	 790.519	 880.000	 975.926	1078.519	1188.000

l.p.: 3
xi:	 -11.000	 -10.667	 -10.333	 -10.000	  -9.667	  -9.333	  -9.000	  -8.667	  -8.333	  -8.000	  -7.667	  -7.333	  -7.000	  -6.667	  -6.333	  -6.000	  -5.667	  -5.333	  -5.000	  -4.667	  -4.333	  -4.000	  -3.667	  -3.333	  -3.000	  -2.667	  -2.333	  -2.000	  -1.667	  -1.333	  -1.000	  -0.667	  -0.333	   0.000	   0.333	   0.667	   1.000	   1.333	   1.667	   2.000	   2.333	   2.667	   3.000	   3.333	   3.667	   4.000	   4.333	   4.667	   5.000	   5.333	   5.667	   6.000
f(xi):	-1560.000	-1424.296	-1296.370	-1176.000	-1062.963	-957.037	-858.000	-765.630	-679.704	-600.000	-526.296	-458.370	-396.000	-338.963	-287.037	-240.000	-197.630	-159.704	-126.000	 -96.296	 -70.370	 -48.000	 -28.963	 -13.037	   0.000	  10.370	  18.296	  24.000	  27.704	  29.630	  30.000	  29.037	  26.963	  24.000	  20.370	  16.296	  12.000	   7.704	   3.630	  -0.000	  -2.963	  -5.037	  -6.000	  -5.630	  -3.704	   0.000	   5.704	  13.630	  24.000	  37.037	  52.963	  72.000

l.p.: 4
xi:	  -7.000	  -6.667	  -6.333	  -6.000	  -5.667	  -5.333	  -5.000	  -4.667	  -4.333	  -4.000	  -3.667	  -3.333	  -3.000	  -2.667	  -2.333	  -2.000	  -1.667	  -1.333	  -1.000	  -0.667	  -0.333	   0.000	   0.333	   0.667	   1.000	   1.333	   1.667	   2.000	   2.333	   2.667	   3.000	   3.333	   3.667	   4.000	   4.333	   4.667	   5.000	   5.333	   5.667	   6.000	   6.333	   6.667	   7.000
f(xi):	-216.000	-180.074	-148.148	-120.000	 -95.407	 -74.148	 -56.000	 -40.741	 -28.148	 -18.000	 -10.074	  -4.148	   0.000	   2.593	   3.852	   4.000	   3.259	   1.852	  -0.000	  -2.074	  -4.148	  -6.000	  -7.407	  -8.148	  -8.000	  -6.741	  -4.148	   0.000	   5.926	  13.852	  24.000	  36.593	  51.852	  70.000	  91.259	 115.852	 144.000	 175.926	 211.852	 252.000	 296.593	 345.852	 400.000

l.p.: 5
xi:	 -11.000	 -10.667	 -10.333	 -10.000	  -9.667	  -9.333	  -9.000	  -8.667	  -8.333	  -8.000	  -7.667	  -7.333	  -7.000	  -6.667	  -6.333	  -6.000	  -5.667	  -5.333	  -5.000	  -4.667	  -4.333	  -4.000	  -3.667	  -3.333	  -3.000	  -2.667	  -2.333	  -2.000	  -1.667	  -1.333	  -1.000	  -0.667	  -0.333	   0.000	   0.333	   0.667	   1.000	   1.333	   1.667	   2.000	   2.333	   2.667	   3.000	   3.333	   3.667	   4.000	   4.333	   4.667	   5.000	   5.333	   5.667	   6.000	   6.333	   6.667	   7.000	   7.333	   7.667	   8.000
f(xi):	-816.000	-724.074	-638.815	-560.000	-487.407	-420.815	-360.000	-304.741	-254.815	-210.000	-170.074	-134.815	-104.000	 -77.407	 -54.815	 -36.000	 -20.741	  -8.815	   0.000	   5.926	   9.185	  10.000	   8.593	   5.185	  -0.000	  -6.741	 -14.815	 -24.000	 -34.074	 -44.815	 -56.000	 -67.407	 -78.815	 -90.000	-100.741	-110.815	-120.000	-128.074	-134.815	-140.000	-143.407	-144.815	-144.000	-140.741	-134.815	-126.000	-114.074	 -98.815	 -80.000	 -57.407	 -30.815	   0.000	  35.259	  75.185	 120.000	 169.926	 225.185	 286.000

l.p.: 6
xi:	  -8.000	  -7.667	  -7.333	  -7.000	  -6.667	  -6.333	  -6.000	  -5.667	  -5.333	  -5.000	  -4.667	  -4.333	  -4.000	  -3.667	  -3.333	  -3.000	  -2.667	  -2.333	  -2.000	  -1.667	  -1.333	  -1.000	  -0.667	  -0.333	   0.000	   0.333	   0.667	   1.000	   1.333	   1.667	   2.000	   2.333	   2.667	   3.000	   3.333	   3.667	   4.000	   4.333	   4.667	   5.000	   5.333	   5.667	   6.000	   6.333	   6.667	   7.000	   7.333	   7.667	   8.000	   8.333	   8.667	   9.000
f(xi):	 -91.000	 -56.296	 -26.037	   0.000	  22.037	  40.296	  55.000	  66.370	  74.630	  80.000	  82.704	  82.963	  81.000	  77.037	  71.296	  64.000	  55.370	  45.630	  35.000	  23.704	  11.963	  -0.000	 -11.963	 -23.704	 -35.000	 -45.630	 -55.370	 -64.000	 -71.296	 -77.037	 -81.000	 -82.963	 -82.704	 -80.000	 -74.630	 -66.370	 -55.000	 -40.296	 -22.037	   0.000	  26.037	  56.296	  91.000	 130.370	 174.630	 224.000	 278.704	 338.963	 405.000	 477.037	 555.296	 640.000

l.p.: 7
xi:	  -7.000	  -6.667	  -6.333	  -6.000	  -5.667	  -5.333	  -5.000	  -4.667	  -4.333	  -4.000	  -3.667	  -3.333	  -3.000	  -2.667	  -2.333	  -2.000	  -1.667	  -1.333	  -1.000	  -0.667	  -0.333	   0.000	   0.333	   0.667	   1.000	   1.333	   1.667	   2.000	   2.333	   2.667	   3.000	   3.333	   3.667	   4.000	   4.333	   4.667	   5.000	   5.333	   5.667	   6.000	   6.333	   6.667	   7.000	   7.333	   7.667	   8.000	   8.333	   8.667	   9.000	   9.333	   9.667	  10.000
f(xi):	-168.000	-133.630	-103.704	 -78.000	 -56.296	 -38.370	 -24.000	 -12.963	  -5.037	   0.000	   2.370	   2.296	  -0.000	  -4.296	 -10.370	 -18.000	 -26.963	 -37.037	 -48.000	 -59.630	 -71.704	 -84.000	 -96.296	-108.370	-120.000	-130.963	-141.037	-150.000	-157.630	-163.704	-168.000	-170.296	-170.370	-168.000	-162.963	-155.037	-144.000	-129.630	-111.704	 -90.000	 -64.296	 -34.370	   0.000	  39.037	  82.963	 132.000	 186.370	 246.296	 312.000	 383.704	 461.630	 546.000

l.p.: 8
xi:	  -8.000	  -7.667	  -7.333	  -7.000	  -6.667	  -6.333	  -6.000	  -5.667	  -5.333	  -5.000	  -4.667	  -4.333	  -4.000	  -3.667	  -3.333	  -3.000	  -2.667	  -2.333	  -2.000	  -1.667	  -1.333	  -1.000	  -0.667	  -0.333	   0.000	   0.333	   0.667	   1.000	   1.333	   1.667	   2.000	   2.333	   2.667	   3.000	   3.333	   3.667	   4.000	   4.333	   4.667	   5.000	   5.333	   5.667	   6.000	   6.333	   6.667	   7.000	   7.333	   7.667	   8.000	   8.333	   8.667	   9.000
f(xi):	-192.000	-149.074	-110.815	 -77.000	 -47.407	 -21.815	   0.000	  18.259	  33.185	  45.000	  53.926	  60.185	  64.000	  65.593	  65.185	  63.000	  59.259	  54.185	  48.000	  40.926	  33.185	  25.000	  16.593	   8.185	  -0.000	  -7.741	 -14.815	 -21.000	 -26.074	 -29.815	 -32.000	 -32.407	 -30.815	 -27.000	 -20.741	 -11.815	   0.000	  14.926	  33.185	  55.000	  80.593	 110.185	 144.000	 182.259	 225.185	 273.000	 325.926	 384.185	 448.000	 517.593	 593.185	 675.000

l.p.: 9
xi:	  -8.000	  -7.667	  -7.333	  -7.000	  -6.667	  -6.333	  -6.000	  -5.667	  -5.333	  -5.000	  -4.667	  -4.333	  -4.000	  -3.667	  -3.333	  -3.000	  -2.667	  -2.333	  -2.000	  -1.667	  -1.333	  -1.000	  -0.667	  -0.333	   0.000	   0.333	   0.667	   1.000	   1.333	   1.667	   2.000	   2.333	   2.667	   3.000	   3.333	   3.667	   4.000	   4.333	   4.667	   5.000	   5.333	   5.667	   6.000	   6.333	   6.667	   7.000	   7.333	   7.667	   8.000
f(xi):	-168.000	-129.074	 -94.815	 -65.000	 -39.407	 -17.815	   0.000	  14.259	  25.185	  33.000	  37.926	  40.185	  40.000	  37.593	  33.185	  27.000	  19.259	  10.185	  -0.000	 -11.074	 -22.815	 -35.000	 -47.407	 -59.815	 -72.000	 -83.741	 -94.815	-105.000	-114.074	-121.815	-128.000	-132.407	-134.815	-135.000	-132.741	-127.815	-120.000	-109.074	 -94.815	 -77.000	 -55.407	 -29.815	   0.000	  34.259	  73.185	 117.000	 165.926	 220.185	 280.000

l.p.: 10
xi:	  -7.000	  -6.667	  -6.333	  -6.000	  -5.667	  -5.333	  -5.000	  -4.667	  -4.333	  -4.000	  -3.667	  -3.333	  -3.000	  -2.667	  -2.333	  -2.000	  -1.667	  -1.333	  -1.000	  -0.667	  -0.333	   0.000	   0.333	   0.667	   1.000	   1.333	   1.667	   2.000	   2.333	   2.667	   3.000	   3.333	   3.667	   4.000	   4.333	   4.667	   5.000	   5.333	   5.667	   6.000	   6.333	   6.667	   7.000	   7.333	   7.667	   8.000	   8.333	   8.667	   9.000	   9.333	   9.667	  10.000
f(xi):	-198.000	-161.185	-128.593	-100.000	 -75.185	 -53.926	 -36.000	 -21.185	  -9.259	   0.000	   6.815	  11.407	  14.000	  14.815	  14.074	  12.000	   8.815	   4.741	  -0.000	  -5.185	 -10.593	 -16.000	 -21.185	 -25.926	 -30.000	 -33.185	 -35.259	 -36.000	 -35.185	 -32.593	 -28.000	 -21.185	 -11.926	   0.000	  14.815	  32.741	  54.000	  78.815	 107.407	 140.000	 176.815	 218.074	 264.000	 314.815	 370.741	 432.000	 498.815	 571.407	 650.000	 734.815	 826.074	 924.000

l.p.: 11
xi:	 -10.000	  -9.667	  -9.333	  -9.000	  -8.667	  -8.333	  -8.000	  -7.667	  -7.333	  -7.000	  -6.667	  -6.333	  -6.000	  -5.667	  -5.333	  -5.000	  -4.667	  -4.333	  -4.000	  -3.667	  -3.333	  -3.000	  -2.667	  -2.333	  -2.000	  -1.667	  -1.333	  -1.000	  -0.667	  -0.333	   0.000	   0.333	   0.667	   1.000	   1.333	   1.667	   2.000	   2.333	   2.667	   3.000	   3.333	   3.667	   4.000	   4.333	   4.667	   5.000	   5.333	   5.667	   6.000	   6.333	   6.667	   7.000
f(xi):	-1008.000	-908.074	-814.815	-728.000	-647.407	-572.815	-504.000	-440.741	-382.815	-330.000	-282.074	-238.815	-200.000	-165.407	-134.815	-108.000	 -84.741	 -64.815	 -48.000	 -34.074	 -22.815	 -14.000	  -7.407	  -2.815	   0.000	   1.259	   1.185	  -0.000	  -2.074	  -4.815	  -8.000	 -11.407	 -14.815	 -18.000	 -20.741	 -22.815	 -24.000	 -24.074	 -22.815	 -20.000	 -15.407	  -8.815	   0.000	  11.259	  25.185	  42.000	  61.926	  85.185	 112.000	 142.593	 177.185	 216.000

l.p.: 12
xi:	 -11.000	 -10.667	 -10.333	 -10.000	  -9.667	  -9.333	  -9.000	  -8.667	  -8.333	  -8.000	  -7.667	  -7.333	  -7.000	  -6.667	  -6.333	  -6.000	  -5.667	  -5.333	  -5.000	  -4.667	  -4.333	  -4.000	  -3.667	  -3.333	  -3.000	  -2.667	  -2.333	  -2.000	  -1.667	  -1.333	  -1.000	  -0.667	  -0.333	   0.000	   0.333	   0.667	   1.000	   1.333	   1.667	   2.000	   2.333	   2.667	   3.000	   3.333	   3.667	   4.000	   4.333	   4.667	   5.000	   5.333	   5.667	   6.000	   6.333	   6.667	   7.000	   7.333	   7.667	   8.000
f(xi):	-1200.000	-1086.963	-981.037	-882.000	-789.630	-703.704	-624.000	-550.296	-482.370	-420.000	-362.963	-311.037	-264.000	-221.630	-183.704	-150.000	-120.296	 -94.370	 -72.000	 -52.963	 -37.037	 -24.000	 -13.630	  -5.704	   0.000	   3.704	   5.630	   6.000	   5.037	   2.963	  -0.000	  -3.630	  -7.704	 -12.000	 -16.296	 -20.370	 -24.000	 -26.963	 -29.037	 -30.000	 -29.630	 -27.704	 -24.000	 -18.296	 -10.370	   0.000	  13.037	  28.963	  48.000	  70.370	  96.296	 126.000	 159.704	 197.630	 240.000	 287.037	 338.963	 396.000

l.p.: 13
xi:	  -9.000	  -8.667	  -8.333	  -8.000	  -7.667	  -7.333	  -7.000	  -6.667	  -6.333	  -6.000	  -5.667	  -5.333	  -5.000	  -4.667	  -4.333	  -4.000	  -3.667	  -3.333	  -3.000	  -2.667	  -2.333	  -2.000	  -1.667	  -1.333	  -1.000	  -0.667	  -0.333	   0.000	   0.333	   0.667	   1.000	   1.333	   1.667	   2.000	   2.333	   2.667	   3.000	   3.333	   3.667	   4.000	   4.333	   4.667	   5.000	   5.333	   5.667	   6.000	   6.333	   6.667	   7.000
f(xi):	-880.000	-790.519	-707.259	-630.000	-558.519	-492.593	-432.000	-376.519	-325.926	-280.000	-238.519	-201.259	-168.000	-138.519	-112.593	 -90.000	 -70.519	 -53.926	 -40.000	 -28.519	 -19.259	 -12.000	  -6.519	  -2.593	   0.000	   1.481	   2.074	   2.000	   1.481	   0.741	  -0.000	  -0.519	  -0.593	   0.000	   1.481	   4.074	   8.000	  13.481	  20.741	  30.000	  41.481	  55.407	  72.000	  91.481	 114.074	 140.000	 169.481	 202.741	 240.000

l.p.: 14
xi:	  -9.000	  -8.667	  -8.333	  -8.000	  -7.667	  -7.333	  -7.000	  -6.667	  -6.333	  -6.000	  -5.667	  -5.333	  -5.000	  -4.667	  -4.333	  -4.000	  -3.667	  -3.333	  -3.000	  -2.667	  -2.333	  -2.000	  -1.667	  -1.333	  -1.000	  -0.667	  -0.333	   0.000	   0.333	   0.667	   1.000	   1.333	   1.667	   2.000	   2.333	   2.667	   3.000	   3.333	   3.667	   4.000	   4.333	   4.667	   5.000	   5.333	   5.667	   6.000
f(xi):	-880.000	-790.519	-707.259	-630.000	-558.519	-492.593	-432.000	-376.519	-325.926	-280.000	-238.519	-201.259	-168.000	-138.519	-112.593	 -90.000	 -70.519	 -53.926	 -40.000	 -28.519	 -19.259	 -12.000	  -6.519	  -2.593	   0.000	   1.481	   2.074	   2.000	   1.481	   0.741	  -0.000	  -0.519	  -0.593	   0.000	   1.481	   4.074	   8.000	  13.481	  20.741	  30.000	  41.481	  55.407	  72.000	  91.481	 114.074	 140.000

l.p.: 15
xi:	 -10.000	  -9.667	  -9.333	  -9.000	  -8.667	  -8.333	  -8.000	  -7.667	  -7.333	  -7.000	  -6.667	  -6.333	  -6.000	  -5.667	  -5.333	  -5.000	  -4.667	  -4.333	  -4.000	  -3.667	  -3.333	  -3.000	  -2.667	  -2.333	  -2.000	  -1.667	  -1.333	  -1.000	  -0.667	  -0.333	   0.000	   0.333	   0.667	   1.000	   1.333	   1.667	   2.000	   2.333	   2.667	   3.000	   3.333	   3.667	   4.000	   4.333	   4.667	   5.000	   5.333	   5.667	   6.000	   6.333	   6.667	   7.000	   7.333	   7.667	   8.000	   8.333	   8.667	   9.000	   9.333	   9.667	  10.000
f(xi):	-432.000	-343.519	-261.926	-187.000	-118.519	 -56.259	   0.000	  50.481	  95.407	 135.000	 169.481	 199.074	 224.000	 244.481	 260.741	 273.000	 281.481	 286.407	 288.000	 286.481	 282.074	 275.000	 265.481	 253.741	 240.000	 224.481	 207.407	 189.000	 169.481	 149.074	 128.000	 106.481	  84.741	  63.000	  41.481	  20.407	  -0.000	 -19.519	 -37.926	 -55.000	 -70.519	 -84.259	 -96.000	-105.519	-112.593	-117.000	-118.519	-116.926	-112.000	-103.519	 -91.259	 -75.000	 -54.519	 -29.593	   0.000	  34.481	  74.074	 119.000	 169.481	 225.741	 288.000

l.p.: 16
xi:	 -10.000	  -9.667	  -9.333	  -9.000	  -8.667	  -8.333	  -8.000	  -7.667	  -7.333	  -7.000	  -6.667	  -6.333	  -6.000	  -5.667	  -5.333	  -5.000	  -4.667	  -4.333	  -4.000	  -3.667	  -3.333	  -3.000	  -2.667	  -2.333	  -2.000	  -1.667	  -1.333	  -1.000	  -0.667	  -0.333	   0.000	   0.333	   0.667	   1.000	   1.333	   1.667	   2.000	   2.333	   2.667	   3.000	   3.333	   3.667	   4.000	   4.333	   4.667	   5.000	   5.333	   5.667	   6.000	   6.333	   6.667	   7.000	   7.333	   7.667	   8.000	   8.333	   8.667	   9.000
f(xi):	-1078.000	-971.852	-872.593	-780.000	-693.852	-613.926	-540.000	-471.852	-409.259	-352.000	-299.852	-252.593	-210.000	-171.852	-137.926	-108.000	 -81.852	 -59.259	 -40.000	 -23.852	 -10.593	   0.000	   8.148	  14.074	  18.000	  20.148	  20.741	  20.000	  18.148	  15.407	  12.000	   8.148	   4.074	  -0.000	  -3.852	  -7.259	 -10.000	 -11.852	 -12.593	 -12.000	  -9.852	  -5.926	   0.000	   8.148	  18.741	  32.000	  48.148	  67.407	  90.000	 116.148	 146.074	 180.000	 218.148	 260.741	 308.000	 360.148	 417.407	 480.000

l.p.: 17
xi:	  -8.000	  -7.667	  -7.333	  -7.000	  -6.667	  -6.333	  -6.000	  -5.667	  -5.333	  -5.000	  -4.667	  -4.333	  -4.000	  -3.667	  -3.333	  -3.000	  -2.667	  -2.333	  -2.000	  -1.667	  -1.333	  -1.000	  -0.667	  -0.333	   0.000	   0.333	   0.667	   1.000	   1.333	   1.667	   2.000	   2.333	   2.667	   3.000	   3.333	   3.667	   4.000	   4.333	   4.667	   5.000	   5.333	   5.667	   6.000	   6.333	   6.667	   7.000	   7.333	   7.667	   8.000
f(xi):	-336.000	-283.963	-237.037	-195.000	-157.630	-124.704	 -96.000	 -71.296	 -50.370	 -33.000	 -18.963	  -8.037	   0.000	   5.370	   8.296	   9.000	   7.704	   4.630	  -0.000	  -5.963	 -13.037	 -21.000	 -29.630	 -38.704	 -48.000	 -57.296	 -66.370	 -75.000	 -82.963	 -90.037	 -96.000	-100.630	-103.704	-105.000	-104.296	-101.370	 -96.000	 -87.963	 -77.037	 -63.000	 -45.630	 -24.704	   0.000	  28.704	  61.630	  99.000	 141.037	 187.963	 240.000

l.p.: 18
xi:	 -10.000	  -9.667	  -9.333	  -9.000	  -8.667	  -8.333	  -8.000	  -7.667	  -7.333	  -7.000	  -6.667	  -6.333	  -6.000	  -5.667	  -5.333	  -5.000	  -4.667	  -4.333	  -4.000	  -3.667	  -3.333	  -3.000	  -2.667	  -2.333	  -2.000	  -1.667	  -1.333	  -1.000	  -0.667	  -0.333	   0.000	   0.333	   0.667	   1.000	   1.333	   1.667	   2.000	   2.333	   2.667	   3.000	   3.333	   3.667	   4.000	   4.333	   4.667	   5.000	   5.333	   5.667	   6.000	   6.333	   6.667	   7.000	   7.333	   7.667	   8.000
f(xi):	-900.000	-798.519	-703.926	-616.000	-534.519	-459.259	-390.000	-326.519	-268.593	-216.000	-168.519	-125.926	 -88.000	 -54.519	 -25.259	   0.000	  21.481	  39.407	  54.000	  65.481	  74.074	  80.000	  83.481	  84.741	  84.000	  81.481	  77.407	  72.000	  65.481	  58.074	  50.000	  41.481	  32.741	  24.000	  15.481	   7.407	  -0.000	  -6.519	 -11.926	 -16.000	 -18.519	 -19.259	 -18.000	 -14.519	  -8.593	   0.000	  11.481	  26.074	  44.000	  65.481	  90.741	 120.000	 153.481	 191.407	 234.000

l.p.: 19
xi:	  -9.000	  -8.667	  -8.333	  -8.000	  -7.667	  -7.333	  -7.000	  -6.667	  -6.333	  -6.000	  -5.667	  -5.333	  -5.000	  -4.667	  -4.333	  -4.000	  -3.667	  -3.333	  -3.000	  -2.667	  -2.333	  -2.000	  -1.667	  -1.333	  -1.000	  -0.667	  -0.333	   0.000	   0.333	   0.667	   1.000	   1.333	   1.667	   2.000	   2.333	   2.667	   3.000	   3.333	   3.667	   4.000	   4.333	   4.667	   5.000	   5.333	   5.667	   6.000	   6.333	   6.667	   7.000
f(xi):	-504.000	-440.741	-382.815	-330.000	-282.074	-238.815	-200.000	-165.407	-134.815	-108.000	 -84.741	 -64.815	 -48.000	 -34.074	 -22.815	 -14.000	  -7.407	  -2.815	   0.000	   1.259	   1.185	  -0.000	  -2.074	  -4.815	  -8.000	 -11.407	 -14.815	 -18.000	 -20.741	 -22.815	 -24.000	 -24.074	 -22.815	 -20.000	 -15.407	  -8.815	   0.000	  11.259	  25.185	  42.000	  61.926	  85.185	 112.000	 142.593	 177.185	 216.000	 259.259	 307.185	 360.000

l.p.: 20
xi:	  -8.000	  -7.667	  -7.333	  -7.000	  -6.667	  -6.333	  -6.000	  -5.667	  -5.333	  -5.000	  -4.667	  -4.333	  -4.000	  -3.667	  -3.333	  -3.000	  -2.667	  -2.333	  -2.000	  -1.667	  -1.333	  -1.000	  -0.667	  -0.333	   0.000	   0.333	   0.667	   1.000	   1.333	   1.667	   2.000	   2.333	   2.667	   3.000	   3.333	   3.667	   4.000	   4.333	   4.667	   5.000	   5.333	   5.667	   6.000
f(xi):	-480.000	-417.407	-360.148	-308.000	-260.741	-218.148	-180.000	-146.074	-116.148	 -90.000	 -67.407	 -48.148	 -32.000	 -18.741	  -8.148	   0.000	   5.926	   9.852	  12.000	  12.593	  11.852	  10.000	   7.259	   3.852	  -0.000	  -4.074	  -8.148	 -12.000	 -15.407	 -18.148	 -20.000	 -20.741	 -20.148	 -18.000	 -14.074	  -8.148	   0.000	  10.593	  23.852	  40.000	  59.259	  81.852	 108.000

